1 0.4375 0.240740716
0 0.4375 0.240740716
0 0.4375 0.240740716
0 0.4375 0.240740716
0 0.4375 0.240740716
0 0.4375 0.240740716
0 0.4375 0.240740716
0 0.4375 0.240740716
0 0.4375 0.240740716
0 0.4375 0.240740716
0 0.4375 0.240740716
0 0.4375 0.240740716
0 0.4375 0.240740716
0 0.4375 0.240740716
0 0.4375 0.240740716
0 0.4375 0.240740716
0 0.4375 0.240740716
0 0.4375 0.240740716
0 0.4375 0.240740716
0 0.4375 0.240740716
0 0.4375 0.240740716
0 0.4375 0.240740716
0 0.4375 0.240740716
0 0.4375 0.240740716
0 0.4375 0.240740716
0 0.4375 0.240740716
0 0.4375 0.240740716
0 0.4375 0.240740716
0 0.4375 0.240740716
0 0.4375 0.240740716
0 0.4375 0.240740716
0 0.4375 0.240740716
0 0.4375 0.240740716
0 0.4375 0.240740716
0 0.4375 0.240740716
0 0.4375 0.240740716
0 0.4375 0.240740716
0 0.4375 0.240740716
0 0.4375 0.240740716
0 0.4375 0.240740716
0 0.4375 0.240740716
0 0.4375 0.240740716
0 0.4375 0.240740716
0 0.4375 0.240740716
0 0.4375 0.240740716
0 0.4375 0.240740716
0 0.4375 0.240740716
0 0.4375 0.240740716
0 0.4375 0.240740716
0 0.4375 0.240740716
0 0.4375 0.240740716
0 0.4375 0.240740716
0 0.4375 0.240740716
0 0.4375 0.240740716
0 0.4375 0.240740716
0 0.4375 0.240740716
0 0.4375 0.240740716
0 0.4375 0.240740716
0 0.4375 0.240740716
0 0.4375 0.240740716
0 0.4375 0.240740716
0 0.4375 0.240740716
0 0.4375 0.240740716
0 0.4375 0.240740716
0 0.4375 0.240740716
0 0.4375 0.240740716
0 0.4375 0.240740716
0 0.4375 0.240740716
0 0.4375 0.240740716
0 0.4375 0.240740716
0 0.4375 0.240740716
0 0.4375 0.240740716
0 0.4375 0.240740716
0 0.4375 0.240740716
0 0.4375 0.240740716
0 0.4375 0.240740716
0 0.4375 0.240740716
0 0.4375 0.240740716
0 0.4375 0.240740716
0 0.4375 0.240740716
0 0.4375 0.240740716
0 0.4375 0.240740716
0 0.4375 0.240740716
0 0.4375 0.240740716
0 0.4375 0.240740716
0 0.4375 0.240740716
0 0.4375 0.240740716
0 0.4375 0.240740716
0 0.4375 0.240740716
0 0.4375 0.240740716
0 0.4375 0.240740716
0 0.4375 0.240740716
0 0.4375 0.240740716
0 0.4375 0.240740716
0 0.4375 0.240740716
0 0.4375 0.240740716
